Train Metrics: {
  "best_epoch": 5,
  "peak_cpu_memory_MB": 1599.84,
  "training_duration": "00:42:18",
  "training_start_epoch": 0,
  "training_epochs": 9,
  "epoch": 9,
  "training_accuracy": 0.5287921348314607,
  "training_precision": 0.5454545454545454,
  "training_recall": 0.35714285714285715,
  "training_f1_measure": 0.43165467625894494,
  "training_loss": 1.1051256652181962,
  "training_cpu_memory_MB": 1597.308,
  "validation_accuracy": 0.4323342415985468,
  "validation_precision": 0.36666666666666664,
  "validation_recall": 0.31654676258992803,
  "validation_f1_measure": 0.33976833976828996,
  "validation_loss": 1.361544212273189,
  "best_validation_accuracy": 0.44686648501362397,
  "best_validation_precision": 0.34513274336283184,
  "best_validation_recall": 0.2805755395683453,
  "best_validation_f1_measure": 0.3095238095237601,
  "best_validation_loss": 1.2971894230161394
}

2019-04-24 00:30:11,056 - INFO - allennlp.commands.evaluate - Finished evaluating.
2019-04-24 00:30:11,056 - INFO - allennlp.commands.evaluate - Metrics:
2019-04-24 00:30:11,056 - INFO - allennlp.commands.evaluate - accuracy: 0.4339366515837104
2019-04-24 00:30:11,056 - INFO - allennlp.commands.evaluate - precision: 0.4068627450980392
2019-04-24 00:30:11,056 - INFO - allennlp.commands.evaluate - recall: 0.2974910394265233
2019-04-24 00:30:11,056 - INFO - allennlp.commands.evaluate - f1_measure: 0.3436853002069905
2019-04-24 00:30:11,056 - INFO - allennlp.commands.evaluate - loss: 1.2774562971932548
